5.43745889581621622e-01 8.01580961701265027e-01 7.19087910707615241e-01 1.99469716381034695e-01 8.07927479878034149e-01
7.56928450780421647e-02 8.24472193058800040e-01 2.10789473359840690e-01 9.07467659054076115e-01 5.28899545561941076e-01
5.11793028801583241e-02 3.01705779182587674e-01 8.24738310568378430e-01 6.07701479740301864e-02 3.44642420925499127e-01
7.58931000139066447e-01 8.34520900079291694e-01 1.51538914140099158e-02 2.50649019261192985e-01 1.09633258594960564e-01
2.67603010529467389e-01 7.88396308100035581e-01 6.91961129518207652e-02 6.66398658727481386e-01 3.63420445175571594e-01
9.40033140564352832e-01 3.72136518532473815e-01 3.09843907742688385e-01 3.28373158503497575e-01 1.33038729025534680e-01
7.86540989198973861e-01 3.30637157582974628e-01 2.45017929582399291e-01 1.90682159825545816e-01 4.81769777127434407e-01
3.98945425357178529e-01 9.65658121726316487e-01 7.98055705520350323e-01 4.52939647460793904e-01 6.94057603224207509e-01
3.29488068506814558e-01 5.38383678318180015e-01 3.63721769472454548e-01 7.27318584326337336e-01 9.86968502861898661e-02
3.54987832417240301e-01 5.15897840967354249e-01 9.85077303361649337e-01 5.20170228332360374e-01 2.01534549799531025e-02
